[[[[0.2000000000000006, 0.2000000000000006, 0.2000000000000006, 0.2000000000000006, 0.2000000000000006],
 [0.2000000000000006, 0.2000000000000006, 0.2000000000000006, 0.2000000000000006, 0.2000000000000006],
 [0.2000000000000006, 0.2000000000000006, 0.2000000000000006, 0.2000000000000006, 0.2000000000000006],
 [0.2000000000000006, 0.2000000000000006, 0.2000000000000006, 0.2000000000000006, 0.2000000000000006],
species =  [0.2000000000000006, 0.2000000000000006, 0.2000000000000006, 0.2000000000000006, 0.2000000000000006]],
 [[0.23140495867768648, 0.08264462809917372, 0.12396694214876058, 0.24793388429752122, 0.10743801652892584, 0.05785123966942161, 0.08264462809917372, 0.06611570247933897],
 [0.23140495867768648, 0.08264462809917372, 0.12396694214876058, 0.24793388429752122, 0.10743801652892584, 0.05785123966942161, 0.08264462809917372, 0.06611570247933897],
 [0.23140495867768648, 0.08264462809917372, 0.12396694214876058, 0.24793388429752122, 0.10743801652892584, 0.05785123966942161, 0.08264462809917372, 0.06611570247933897],
 [0.23140495867768648, 0.08264462809917372, 0.12396694214876058, 0.24793388429752122, 0.10743801652892584, 0.05785123966942161, 0.08264462809917372, 0.06611570247933897],
 [0.23140495867768648, 0.08264462809917372, 0.12396694214876058, 0.24793388429752122, 0.10743801652892584, 0.05785123966942161, 0.08264462809917372, 0.06611570247933897]],
 [0.2, 0.2, 0.2, 0.2, 0.2]], 
[[[0.20000000000000065, 0.20000000000000065, 0.20000000000000065, 0.20000000000000065, 0.20000000000000065],
 [0.20000000000000065, 0.20000000000000065, 0.20000000000000065, 0.20000000000000065, 0.20000000000000065],
 [0.20000000000000065, 0.20000000000000065, 0.20000000000000065, 0.20000000000000065, 0.20000000000000065],
 [0.20000000000000065, 0.20000000000000065, 0.20000000000000065, 0.20000000000000065, 0.20000000000000065],
 [0.20000000000000065, 0.20000000000000065, 0.20000000000000065, 0.20000000000000065, 0.20000000000000065]],
 [[0.06363636363636375, 0.05454545454545464, 0.06363636363636373, 0.036363636363636424, 0.04545454545454555, 0.36363636363636426, 0.036363636363636445, 0.3363636363636369],
 [0.06363636363636375, 0.05454545454545464, 0.06363636363636373, 0.036363636363636424, 0.04545454545454555, 0.36363636363636426, 0.036363636363636445, 0.3363636363636369],
 [0.06363636363636375, 0.05454545454545464, 0.06363636363636373, 0.036363636363636424, 0.04545454545454555, 0.36363636363636426, 0.036363636363636445, 0.3363636363636369],
 [0.06363636363636375, 0.05454545454545464, 0.06363636363636373, 0.036363636363636424, 0.04545454545454555, 0.36363636363636426, 0.036363636363636445, 0.3363636363636369],
 [0.06363636363636375, 0.05454545454545464, 0.06363636363636373, 0.036363636363636424, 0.04545454545454555, 0.36363636363636426, 0.036363636363636445, 0.3363636363636369]],
 [0.19999999999999948, 0.19999999999999948, 0.19999999999999948, 0.19999999999999948, 0.19999999999999948]],
 [[[0.2000000000000002, 0.2000000000000002, 0.2000000000000002, 0.2000000000000002, 0.2000000000000002],
 [0.2000000000000002, 0.2000000000000002, 0.2000000000000002, 0.2000000000000002, 0.2000000000000002],
 [0.2000000000000002, 0.2000000000000002, 0.2000000000000002, 0.2000000000000002, 0.2000000000000002]
, [0.2000000000000002, 0.2000000000000002, 0.2000000000000002, 0.2000000000000002, 0.2000000000000002],
 [0.2000000000000002, 0.2000000000000002, 0.2000000000000002, 0.2000000000000002, 0.2000000000000002]], 
[[0.10365853658536603, 0.08536585365853684, 0.1829268292682931, 0.1768292682926834, 0.09756097560975631, 0.12195121951219536, 0.1097560975609757, 0.12195121951219522],
 [0.10365853658536603, 0.08536585365853684, 0.1829268292682931, 0.1768292682926834, 0.09756097560975631, 0.12195121951219536, 0.1097560975609757, 0.12195121951219522],
 [0.10365853658536603, 0.08536585365853684, 0.1829268292682931, 0.1768292682926834, 0.09756097560975631, 0.12195121951219536, 0.1097560975609757, 0.12195121951219522],
 [0.10365853658536603, 0.08536585365853684, 0.1829268292682931, 0.1768292682926834, 0.09756097560975631, 0.12195121951219536, 0.1097560975609757, 0.12195121951219522],
 [0.10365853658536603, 0.08536585365853684, 0.1829268292682931, 0.1768292682926834, 0.09756097560975631, 0.12195121951219536, 0.1097560975609757, 0.12195121951219522]], 
[0.20000000000000207, 0.20000000000000207, 0.20000000000000207, 0.20000000000000207, 0.20000000000000207]],
 [[[0.2000000000000005, 0.2000000000000005, 0.2000000000000005, 0.2000000000000005, 0.2000000000000005],
 [0.2000000000000005, 0.2000000000000005, 0.2000000000000005, 0.2000000000000005, 0.2000000000000005],
 [0.2000000000000005, 0.2000000000000005, 0.2000000000000005, 0.2000000000000005, 0.2000000000000005],
 [0.2000000000000005, 0.2000000000000005, 0.2000000000000005, 0.2000000000000005, 0.2000000000000005],
 [0.2000000000000005, 0.2000000000000005, 0.2000000000000005, 0.2000000000000005, 0.2000000000000005]],
 [[0.12962962962962982, 0.10185185185185204, 0.1388888888888891, 0.1296296296296298, 0.12037037037037059, 0.1388888888888891, 0.12037037037037056, 0.12037037037037059],
 [0.12962962962962982, 0.10185185185185204, 0.1388888888888891, 0.1296296296296298, 0.12037037037037059, 0.1388888888888891, 0.12037037037037056, 0.12037037037037059], 
[0.12962962962962982, 0.10185185185185204, 0.1388888888888891, 0.1296296296296298, 0.12037037037037059, 0.1388888888888891, 0.12037037037037056, 0.12037037037037059],
 [0.12962962962962982, 0.10185185185185204, 0.1388888888888891, 0.1296296296296298, 0.12037037037037059, 0.1388888888888891, 0.12037037037037056, 0.12037037037037059],
 [0.12962962962962982, 0.10185185185185204, 0.1388888888888891, 0.1296296296296298, 0.12037037037037059, 0.1388888888888891, 0.12037037037037056, 0.12037037037037059]],
 [0.1999999999999999, 0.1999999999999999, 0.1999999999999999, 0.1999999999999999, 0.1999999999999999]],
 [[[0.20000000000000048, 0.20000000000000048, 0.20000000000000048, 0.20000000000000048, 0.20000000000000048],
 [0.20000000000000048, 0.20000000000000048, 0.20000000000000048, 0.20000000000000048, 0.20000000000000048],
 [0.20000000000000048, 0.20000000000000048, 0.20000000000000048, 0.20000000000000048, 0.20000000000000048],
 [0.20000000000000048, 0.20000000000000048, 0.20000000000000048, 0.20000000000000048, 0.20000000000000048],
 [0.20000000000000048, 0.20000000000000048, 0.20000000000000048, 0.20000000000000048, 0.20000000000000048]], 
[[0.04000000000000001, 0.009999999999999983, 0.3100000000000002, 0.050000000000000024, 0.010000000000000035, 0.2500000000000003, 0.030000000000000065, 0.30000000000000027],
 [0.04000000000000001, 0.009999999999999983, 0.3100000000000002, 0.050000000000000024, 0.010000000000000035, 0.2500000000000003, 0.030000000000000065, 0.30000000000000027],
 [0.04000000000000001, 0.009999999999999983, 0.3100000000000002, 0.050000000000000024, 0.010000000000000035, 0.2500000000000003, 0.030000000000000065, 0.30000000000000027],
 [0.04000000000000001, 0.009999999999999983, 0.3100000000000002, 0.050000000000000024, 0.010000000000000035, 0.2500000000000003, 0.030000000000000065, 0.30000000000000027],
 [0.04000000000000001, 0.009999999999999983, 0.3100000000000002, 0.050000000000000024, 0.010000000000000035, 0.2500000000000003, 0.030000000000000065, 0.30000000000000027]],
 [0.19999999999999848, 0.19999999999999848, 0.19999999999999848, 0.19999999999999848, 0.19999999999999848]], 
[[[0.19999999999999984, 0.19999999999999984, 0.19999999999999984, 0.19999999999999984, 0.19999999999999984],
 [0.19999999999999984, 0.19999999999999984, 0.19999999999999984, 0.19999999999999984, 0.19999999999999984],
 [0.19999999999999984, 0.19999999999999984, 0.19999999999999984, 0.19999999999999984, 0.19999999999999984], 
[0.19999999999999984, 0.19999999999999984, 0.19999999999999984, 0.19999999999999984, 0.19999999999999984],
 [0.19999999999999984, 0.19999999999999984, 0.19999999999999984, 0.19999999999999984, 0.19999999999999984]], 
[[0.2115384615384614, 0.2019230769230768, 0.221153846153846, 0.20192307692307682, 0.048076923076923045, 0.03846153846153842, 0.03846153846153844, 0.03846153846153844], 
[0.2115384615384614, 0.2019230769230768, 0.221153846153846, 0.20192307692307682, 0.048076923076923045, 0.03846153846153842, 0.03846153846153844, 0.03846153846153844], 
[0.2115384615384614, 0.2019230769230768, 0.221153846153846, 0.20192307692307682, 0.048076923076923045, 0.03846153846153842, 0.03846153846153844, 0.03846153846153844], 
[0.2115384615384614, 0.2019230769230768, 0.221153846153846, 0.20192307692307682, 0.048076923076923045, 0.03846153846153842, 0.03846153846153844, 0.03846153846153844], 
[0.2115384615384614, 0.2019230769230768, 0.221153846153846, 0.20192307692307682, 0.048076923076923045, 0.03846153846153842, 0.03846153846153844, 0.03846153846153844]], 
[0.2000000000000002, 0.2000000000000002, 0.2000000000000002, 0.2000000000000002, 0.2000000000000002]],
 [[[0.20000000000000057, 0.20000000000000057, 0.20000000000000057, 0.20000000000000057, 0.20000000000000057],
 [0.20000000000000057, 0.20000000000000057, 0.20000000000000057, 0.20000000000000057, 0.20000000000000057],
 [0.20000000000000057, 0.20000000000000057, 0.20000000000000057, 0.20000000000000057, 0.20000000000000057],
 [0.20000000000000057, 0.20000000000000057, 0.20000000000000057, 0.20000000000000057, 0.20000000000000057],
 [0.20000000000000057, 0.20000000000000057, 0.20000000000000057, 0.20000000000000057, 0.20000000000000057]],
 [[0.06930693069306942, 0.03960396039603967, 0.18811881188118837, 0.1782178217821785, 0.04950495049504959, 0.2574257425742579, 0.04950495049504959, 0.16831683168316858],
 [0.06930693069306942, 0.03960396039603967, 0.18811881188118837, 0.1782178217821785, 0.04950495049504959, 0.2574257425742579, 0.04950495049504959, 0.16831683168316858],
 [0.06930693069306942, 0.03960396039603967, 0.18811881188118837, 0.1782178217821785, 0.04950495049504959, 0.2574257425742579, 0.04950495049504959, 0.16831683168316858], 
[0.06930693069306942, 0.03960396039603967, 0.18811881188118837, 0.1782178217821785, 0.04950495049504959, 0.2574257425742579, 0.04950495049504959, 0.16831683168316858], 
[0.06930693069306942, 0.03960396039603967, 0.18811881188118837, 0.1782178217821785, 0.04950495049504959, 0.2574257425742579, 0.04950495049504959, 0.16831683168316858]],
 [0.1999999999999999, 0.1999999999999999, 0.1999999999999999, 0.1999999999999999, 0.1999999999999999]]]